[data]
phmeter = Phidget 1130
electrode = Oakton epoxy
date = 2024-01-31 14:50:58.250719
temperature = 20
calib_type = [4, 7, 10]
u1 = 1.6716
u2 = 2.5031
u3 = 3.3204
a = 0.27479999999999993
b = 0.5747666666666681