[data]
date = 2023-12-21 10:06:07.908666
temperature = 22
calib_type = [4, 7, 10]
u1 = 1.7009
u2 = 2.5031
u3 = 3.3022
a = 0.2668833333333334
b = 0.6338833333333332

