[data]
date = 2023-12-14 14:13:24.115170
temperature = 22
calib_type = [4, 7, 10]
u1 = 1.735
u2 = 2.5372
u3 = 3.3537
a = 0.26978333333333326
b = 0.6534833333333331

