[data]
phmeter = Phidget ADP1000_0
electrode = Oakton double-junction epoxy
date = 2024-01-19 11:07:37.687889
temperature = 22
calib_type = [4, 7, 10]
u1 = 0.17182
u2 = -0.00209
u3 = -0.17442
a = -0.05770666666666668
b = 0.4023833333333335

