[data]
phmeter = Phidget ADP1000
electrode = Oakton epoxy
date = 2024-01-26 16:00:25.637149
temperature = 20
calib_type = [4, 7, 10]
u1 = 0.17333
u2 = -0.00142
u3 = -0.17391
a = -0.05787333333333335
b = 0.4044466666666669