[data]
date = 2023-09-13 14:25:17.635576
temperature = 22
calib_type = [4, 7]
u1 = 1.7253
u2 = 2.547
u3 = 2.7329
a = 0.27390000000000003
b = 0.6296999999999999

