[data]
date = 2023-09-13 11:07:57.520917
temperature = 22
calib_type = [4, 7]
u1 = 2.7375
u2 = 2.7288
u3 = 2.7329
a = -0.0028999999999999027
b = 2.7490999999999994

