[data]
phmeter = Phidget 1130
electrode = Oakton epoxy
date = 2024-02-08 11:03:47.568397
temperature = 22
calib_type = [4, 7, 10]
u1 = 1.6667
u2 = 2.5036
u3 = 3.3199
a = 0.27553333333333335
b = 0.5679999999999995

