[data]
phmeter = Phidget 1130
electrode = Oakton epoxy
date = 2024-11-28 17:06:52.563145
temperature = 22
calib_type = [4, 7, 10]
u1 = 1.696
u2 = 2.5372
u3 = 3.3297
a = 0.2722833333333333
b = 0.6149833333333333

