[data]
phmeter = Phidget 1130
electrode = Oakton epoxy
date = 2024-01-31 18:13:35.856285
temperature = 22
calib_type = [4, 7, 10]
u1 = 1.6081
u2 = 1.6082
u3 = 1.6083
a = 3.333333333330347e-05
b = 1.6079666666666668

