[data]
phmeter = Phidget 1130
electrode = oakton epoxy
date = 03/26/2025 14:29:26
calib_type = [4, 7, 10]
u1 = 0.0
u2 = 1.2641
u3 = 1.7947
a = 0.29911666666666675
b = -1.0742166666666677

