[data]
phmeter = Phidget 1130
electrode = Oakton epoxy
date = 2025-01-17 16:33:31.364482
temperature = 22
calib_type = [4, 7, 10]
u1 = 1.7009
u2 = 2.5227
u3 = 3.3252
a = 0.27071666666666666
b = 0.6212500000000014

