[data]
phmeter = Phidget 1130
electrode = Oakton epoxy
date = 2024-03-05 10:34:10.991434
temperature = 22
calib_type = [4, 7, 10]
u1 = 1.6716
u2 = 2.5226
u3 = 3.3248
a = 0.27553333333333335
b = 0.5776000000000002

