[data]
phmeter = Phidget 1130
electrode = oakton epoxy
date = 04/03/2025 12:18:35
calib_type = [4, 7, 10]
u1 = 1.7111
u2 = 2.5421
u3 = 3.3101
a = 0.26649999999999996
b = 0.6556000000000012

