[data]
phmeter = Phidget 1130
electrode = Oakton epoxy
date = 2024-08-21 14:43:32.009471
temperature = 22
calib_type = [4, 7, 10]
u1 = 1.6911
u2 = 2.5177
u3 = 3.3248
a = 0.2722833333333333
b = 0.6052166666666673

