[data]
date = 2023-08-18 16:33:15.830275
temperature = 22
calib_type = 3
u1 = 2.7277
u2 = 2.7322
u3 = 2.7281
a = 6.666666666652522e-05
b = 2.728866666666668

